7
13
17
21
24
27
29
30
31
32
33
34
35
35
36
36
37
38
38
39
39
39
39
39
40
40
40
40
39
39
39
39
39
39
38
38
38
38
38
43
48
51
52
52
50
48
46
45
43
42
41
40
40
39
38
38
38
37
37
37
36
37
42
46
50
52
53
55
58
60
59
60
58
55
51
47
45
42
40
39
37
36
36
35
34
34
33
33
32
32
32
32
31
31
31
31
31
31
31
30
30
29
29
29
29
28
28
28
28
27
27
27
27
27
27
27
27
28
26
25
24
24
23
22
22
23
27
29
29
29
28
28
28
27
26
25
25
31
34
32
30
27
26
24
24
26
28
29
29
29
29
29
29
28
28
28
28
28
28
30
36
33
33
55
63
57
49
43
39
36
35
34
32
32
31
31
32
41
47
50
48
43
38
35
32
30
28
27
26
25
25
24
24
24
23
23
23
23
23
31
37
41
44
42
38
38
38
39
43
44
45
46
48
47
48
48
47
48
48
48
49
48
49
50
51
50
50
50
51
46
41
38
35
33
31
29
28
27
27
26
25
25
24
31
36
39
43
45
41
37
35
32
31
29
31
35
40
46
49
50
50
50
46
41
38
35
32
30
29
28
27
26
26
25
25
24
25
33
39
42
46
47
48
49
49
48
48
47
48
44
40
36
34
31
30
28
27
26
25
25
24
25
24
24
24
23
23
23
23
23
23
23
23
22
22
22
22
22
22
22
22
22
24
30
37
40
43
43
44
39
36
33
31
29
28
27
25
25
24
25
30
29
26
25
25
24
24
23
23
23
22
22
22
22
21
21
21
21
21
22
21
22
22
22
27
32
37
40
43
46
46
45
40
36
34
31
29
28
27
26
25
24
28
33
39
44
46
46
47
43
39
36
33
31
29
28
26
25
29
36
38
39
38
35
32
30
28
27
26
25
24
23
23
23
23
23
23
22
22
22
22
22
22
22
21
21
21
21
21
28
33
37
40
43
46
48
50
51
47
42
38
34
32
30
28
27
26
24
23
22
22
22
22
22
26
31
36
38
39
40
39
39
37
34
31
29
27
26
25
25
24
23
23
24
32
33
36
38
39
39
39
36
32
30
29
27
26
25
27
35
36
33
31
29
27
29
36
38
34
32
29
28
27
26
25
24
27
25
24
29
29
27
33
38
43
47
49
48
43
39
35
32
30
28
26
25
24
23
22
22
22
21
21
21
21
21
21
21
21
21
21
20
20
20
20
20
20
20
20
20
20
20
20
20
20
20
20
20
20
20
20
20
20
20
20
20
20
20
20
20
20
20
20
20
20
20
20
20
20
20
20
20
20
20
20
20
20
21
20
20
20
20
20
20
20
20
21
21
21
21
21
21
21
21
21
20
20
20
20
20
20
20
20
20
20
20
20
20
20
20
20
20
20
20
20
20
20
20
20
20
20
20
20
20
20
20
20
20
20
20
20
20
20
21
21
21
20
20
20
20
20
20
20
19
19
19
19
22
31
36
41
46
46
45
40
36
33
30
28
26
25
24
23
22
22
21
21
21
21
20
20
20
20
20
19
19
19
19
20
19
20
20
20
19
20
20
19
19
20
20
19
19
19
19
19
19
19
19
19
19
19
20
20
20
20
20
20
20
20
19
19
19
19
20
19
19
19
19
19
19
23
31
37
39
40
41
44
47
45
40
35
32
29
27
25
24
23
21
20
20
19
19
19
18
18
18
18
18
18
18
18
18
18
18
18
18
18
18
18
18
18
18
19
20
21
21
19
19
19
19
19
19
19
19
19
19
19
19
19
19
19
18
18
22
27
32
35
38
40
41
43
42
43
42
42
43
43
42
41
41
40
36
33
30
28
26
24
23
22
22
29
34
38
41
42
40
35
32
29
27
25
24
23
22
21
20
19
18
19
19
19
19
19
19
19
18
18
18
19
18
19
19
20
20
20
20
21
21
21
22
23
24
25
25
26
26
27
28
29
29
29
30
29
29
38
43
47
48
44
41
38
36
35
34
33
31
30
37
44
48
49
49
46
41
38
37
40
43
47
48
46
41
38
35
35
42
44
46
44
40
37
34
32
30
28
27
25
24
23
22
22
23
30
34
38
41
42
42
43
41
37
34
31
29
27
25
24
23
23
22
22
23
23
23
23
23
24
24
25
25
26
35
39
44
47
48
49
46
42
39
36
33
32
30
29
28
27
27
26
26
25
33
38
40
43
45
46
49
51
51
50
48
44
40
38
35
33
31
31
30
29
28
28
27
26
25
24
23
23
23
23
23
23
30
37
39
44
48
49
51
52
53
54
54
55
53
53
53
54
53
52
53
53
53
51
51
51
52
51
51
50
50
51
53
54
62
62
69
66
59
53
48
44
41
39
36
34
34
35
34
33
33
32
32
33
32
32
32
31
32
32
33
40
43
44
47
48
47
43
40
37
35
33
32
31
33
38
42
42
42
43
40
37
34
32
30
28
27
26
25
24
30
35
37
37
34
31
30
28
26
26
25
24
24
23
23
23
23
22
23
31
35
40
41
43
46
46
48
48
46
41
37
34
32
29
28
26
25
24
23
23
22
22
23
29
32
37
40
43
46
47
43
39
35
32
30
28
26
25
24
23
22
22
21
21
21
21
21
21
21
21
21
21
21
21
21
21
21
21
21
21
21
21
21
21
21
21
21
21
21
21
21
21
21
21
21
21
21
21
21
21
21
22
22
21
21
21
21
22
22
21
22
22
22
22
22
22
22
22
22
22
22
22
22
22
22
22
22
22
22
22
22
22
22
22
22
22
22
22
22
22
22
22
22
22
22
22
22
22
22
22
22
22
22
22
21
21
22
22
22
22
21
21
21
21
21
21
21
21
21
21
21
21
21
21
21
21
21
21
21
21
21
21
21
21
21
21
21
21
21
21
21
21
21
21
21
21
21
21
21
21
21
21
28
34
39
41
41
41
38
34
32
30
28
27
25
25
24
29
33
36
39
40
43
42
41
42
42
38
35
32
30
28
27
26
28
32
36
38
38
41
42
43
42
39
35
33
30
29
27
28
35
40
45
48
50
51
52
50
49
49
47
45
45
46
45
45
40
37
34
31
29
36
40
43
46
47
49
51
50
47
42
38
34
32
36
40
41
43
44
43
39
35
33
31
34
38
40
40
40
39
37
35
34
31
31
30
29
29
35
39
42
44
43
44
42
38
35
33
30
29
33
40
37
34
31
29
34
39
40
43
44
45
41
37
33
31
29
38
44
45
46
47
46
42
38
35
33
30
29
27
29
56
76
71
78
95
88
76
67
60
54
49
45
41
40
37
34
34
40
44
44
45
45
42
38
35
32
30
29
28
26
25
24
24
23
23
22
22
22
27
32
36
36
35
33
31
29
27
26
25
24
23
30
35
37
39
41
42
44
46
47
46
47
47
49
49
48
48
47
44
39
36
33
30
28
26
25
24
23
23
22
22
22
21
21
21
22
22
22
22
22
23
22
26
26
24
24
23
23
22
23
27
25
24
24
23
23
22
22
22
21
21
21
21
21
21
20
20
20
20
20
20
20
20
19
20
27
29
27
26
24
23
23
22
21
21
21
21
20
20
20
20
19
19
19
19
19
22
27
29
27
26
24
23
22
22
25
32
33
30
29
28
26
25
24
24
23
22
22
21
21
21
21
20
20