100
184
248
302
344
377
406
426
445
457
470
479
486
492
496
502
502
507
507
509
511
511
513
511
514
513
514
514
514
516
514
516
514
516
515
515
516
514
517
514
516
515
515
516
515
517
514
516
515
516
516
515
516
514
516
514
515
514
514
515
513
515
513
515
513
513
514
514
514
514
513
515
512
514
513
514
514
514
516
513
516
514
515
515
515
516
514
517
515
516
515
515
516
515
517
514
516
515
515
516
515
517
514
516
515
516
516
515
517
514
516
515
516
516
515
517
514
517
515
516
516
515
516
514
517
515
516
515
515
515
515
515
516
514
516
514
516
515
515
516
514
517
514
516
515
515
516
515
517
514
516
515
516
516
515
517
514
516
515
516
516
515
516
514
516
515
516
516
515
516
514
517
515
516
515
515
516
514
517
514
516
515
515
516
515
517
514
516
515
516
516
515
517
517
515
517
513
515
512
511
510
507
505
504
508
507
509
500
501
502
505
508
508
511
510
513
512
513
514
513
515
513
516
511
519
531
548
564
579
591
601
609
616
620
623
625
626
626
626
625
625
625
626
626
626
626
624
624
625
627
628
628
626
626
625
626
627
632
632
626
619
614
606
581
564
550
545
537
534
530
527
525
522
523
519
520
518
518
518
516
518
515
517
515
516
516
515
516
514
517
514
516
515
515
516
515
517
514
516
515
514
511
499
486
475
470
466
473
481
487
494
496
502
503
506
508
509
511
508
510
506
504
506
502
501
497
497
498
499
501
501
504
502
505
505
507
508
506
507
505
508
505
506
503
504
506
506
508
507
510
506
501
492
492
490
492
491
494
497
506
517
528
537
544
551
555
562
558
549
541
548
554
561
566
573
577
582
585
590
592
596
599
603
606
609
613
615
616
618
605
587
574
560
554
544
538
531
528
526
522
523
519
520
518
518
517
517
517
515
516
511
510
506
504
500
498
497
494
492
488
487
481
482
476
473
464
460
449
446
438
447
460
470
479
482
485
500
519
536
551
561
571
577
581
575
566
554
541
533
524
523
519
519
515
516
513
515
513
512
511
510
510
507
508
504
505
501
502
498
497
496
496
496
495
496
493
494
491
492
489
490
489
488
488
490
495
498
503
502
505
504
504
505
506
507
506
510
509
510
511
512
513
512
514
511
514
512
512
513
513
514
513
515
516
514
516
514
516
515
515
514
514
515
513
516
513
515
514
514
515
514
516
513
516
514
515
515
514
515
514
516
513
515
514
515
515
514
516
513
516
514
515
514
515
515
514
516
513
516
514
515
515
514
516
514
516
514
515
514
515
515
514
516
513
516
514
515
515
514
515
515
514
515
514
516
514
515
515
515
515
514
516
513
516
514
515
515
514
516
514
516
514
516
514
515
515
514
516
514
516
514
515
515
515
516
514
516
514
516
514
515
515
514
516
514
516
514
515
515
515
515
514
516
513
516
514
515
515
514
516
514
514
515
513
516
514
515
514
515
515
514
516
513
516
514
515
515
514
515
514
516
514
516
514
515
515
514
516
514
516
514
515
515
514
515
514
516
513
516
514
515
515
514
516
514
516
514
515
514
515
515
514
516
513
516
514
515
515
514
515
514
516
514
515
514
514
515
514
514
515
514
516
513
516
514
515
514
514
515
514
516
513
515
514
515
515
514
515
513
516
514
515
514
514
515
514
516
513
516
514
515
515
514
516
514
516
514
515
515
515
515
514
516
513
516
514
515
515
514
516
513
515
513
515
514
514
515
513
515
515
514
516
513
516
514
515
515
514
515
513
516
513
515
514
514
515
514
516
513
515
514
515
514
514
515
513
516
513
515
514
514
515
514
516
513
515
514
515
515
514
515
513
516
513
515
514
514
515
514
515
513
515
514
515
514
514
515
513
516
513
515
514
515
515
514
514
515
514
516
513
515
514
514
514
514
515
513
515
513
515
514
514
514
513
515
513
515
513
514
514
513
515
513
515
513
515
514
514
515
514
516
513
515
514
515
514
514
515
513
516
513
515
514
515
515
514
516
513
515
514
515
514
514
515
513
516
513
513
515
513
515
514
514
515
514
516
513
515
514
515
514
514
515
513
516
513
515
514
514
515
514
515
513
515
514
515
514
514
515
513
516
513
515
514
514
515
514
515
513
516
514
515
514
514
515
514
516
513
515
514
515
515
514
515
513
516
513
515
514
514
515
515
515
515
514
516
513
516
514
515
514
514
515
513
516
513
515
514
514
515
514
515
513
515
513
515
514
514
515
513
516
513
515
514
514
514
514
515
513
515
513
515
514
514
515
514
515
513
515
514
515
514
514
515
513
516
513
515
514
515
515
514
515
513
516
516
514
516
514
515
514
514
515
514
516
513
515
514
515
515
514
515
513
516
513
515
514
514
515
514
515
513
515
514
515
514
514
515
513
516
513
515
514
515
515
514
515
513
516
513
515
514
514
515
514
516
513
515
514
515
515
514
515
514
516
513
515
514
515
514
514
514
514
513
515
513
515
513
515
514
514
515
513
516
513
515
514
515
515
514
515
513
516
514
515
514
514
515
514
516
513
515
514
515
514
514
515
513
516
513
515
514
515
515
514
516
513
516
514
515
514
514
515
514
516
513
516
514
515
515
514
515
513
513
515
513
515
513
515
514
514
515
514
516
513
515
514
515
514
514
515
513
516
513
515
514
515
515
514
516
513
516
514
515
514
514
515
514
516
513
515
514
515
515
514
515
513
516
514
515
514
514
515
514
516
513
515
514
515
514
514
515
513
515
513
515
514
514
515
514
514
515
514
516
513
515
514
515
514
514
515
513
516
513
515
514
514
515
514
515
513
515
513
515
514
514
515
513
516
513
515
514
515
515
514
515
507
503
495
490
484
481
480
472
468
458
457
459
458
455
451
446
435
426
417
420
416
408
410
418
416
386
368
351
337
323
312
303
298
302
318
329
331
329
323
319
313
307
301
294
288
290
304
318
336
361
392
416
435
452
463
475
481
489
493
498
501
503
507
506
510
509
511
511
512
513
512
515
512
515
513
514
514
514
515
513
516
513
515
514
513
505
497
489
485
489
491
492
487
486
477
478
481
478
471
470
468
456
444
430
417
404
395
390
382
377
371
365
360
354
350
345
342
338
336
332
329
327
324
323
321
319
318
316
314
311
311
309
308
307
305
304
301
300
298
297
296
305
323
335
341
342
341
343
364
381
397
413
421
417
407
395
405
418
431
437
432
422
420
434
441
450
453
456
455
448
440
429
430
424
421
424
434
450
461
474
478
487
491
496
500
502
506
506
510
509
511
512
512
514
512
515
513
515
514
514
515
514
516
513
516
514
515
515
515
515
514
516
514
516
515
515
515
516
516
516
515
517
514
516
514
516
515
515
516
514
516
514
516
515
516
515
515
516
514
516
514
516
515
515
516
514
516
514
516
515
516
515
515
516
514
517
514
516
515
515
516
515
516
514
516
514
516
515
515
516
514
517
514
516
515
515
515
515
516
514
516
517
514
517
515
516
515
515
516
514
517
514
516
515
515
516
515
516
514
515
510
508
503
499
496
491
490
484
480
474
468
464
458
456
450
449
445
442
439
436
435
432
433
432
447
460
471
481
486
494
496
501
503
506
508
509
512
510
513
512
513
514
513
515
513
513
515
513
515
513
515
514
514
515
514
516
513
516
514
515
515
514
516
514
516
514
516
515
515
515
514
516
514
516
514
515
515
515
516
514
516
514
516
515
515
515
514
516
514
516
514
515
515
515
515
514
516
514
516
514
515
515
514
516
514
516
514
515
515
515
516
515
515
516
514
516
514
516
514
515
515
514
516
514
516
514
516
514
515
515
514
516
514
516
514
515
515
515
515
514
516
513
516
514
515
515
514
516
514
516
514
516
514
515
515
514
516
514
516
514
515
515
515
515
514
516
513
516
514
515
515
514
516
516
515
516
514
516
514
516
515
515
515
514
516
514
516
514
515
515
515
515
514
516
513
516
514
515
515
515
516
514
516
514
516
515
515
515
514
516
514
516
514
515
515
515
515
514
516
514
516
514
515
515
514
516
514
516
514
515
515
515
515
514
516
513
516
514
516
513
516
514
515
515
514
516
514
516
514
516
514
515
515
514
516
514
516
514
515
515
515
516
514
516
514
516
514
515
515
514
516
514
516
514
515
515
515
515
514
516
513
516
514
515
515
515
516
514
516
514
516
515
515
515
514
516
514
516
514
515
515
515
516
515
515
516
514
516
514
516
515
515
515
514
516
513
516
514
515
515
515
515
514
516
514
516
514
515
515
514
516
514
516
514
515
515
515
515
514
516
513
516
514
515
515
514
516
514
516
514
515
515
515
515
514
516
513
516
514
515
515
514
516
514
516
516
514
516
514
516
515
515
515
514
516
514
516
514
515
515
514
516
514
516
514
515
515
515
515
514
516
513
516
514
515
515
514
516
514
516
514
515
515
515
515
514
516
513
516
514
515
515
514
516
514
516
514
515
514
515
515
514
516
513
515
514
515
515
514
514
514
514
515
513
516
514
515
514
514
515
514
516
513
516
514
515
515
514
515
513
516
514
515
514
514
515
514
516
513
515
514
515
515
514
516
513
516
514
515
515
514
515
514
516
513
515
514
515
515
514
516
513
515
514
515
514
514
515
513
516
513
515
514
514
515
515
515
515
514
516
513
516
514
515
515
514
515
513
516
513
515
514
514
515
514
516
513
515
514
515
514
514
515
513
516
513
515
514
514
515
514
516
513
515
514
515
515
514
515
513
516
514
515
514
515
515
514
516
513
516
514
515
515
514
516
514
516
516
514
516
514
515
515
515
515
514
516
513
515
514
515
515
514
515
514
516
514
515
514
515
515
514
515
513
515
513
513
510
511
513
511
514
512
512
510
510
510
508
508
505
506
501
502
499
497
495
492
491
488
489
486
489
486
488
487
487
488
487
488
486
489
488
486
488
485
487
485
486
485
485
485
484
485
483
485
482
485
483
484
484
484
484
483
485
483
485
483
485
485
488
487
486
486
490
496
498
503
504
507
508
509
512
510
513
512
513
513
513
514
513
515
513
515
514
515
514
514
514
510
511
506
507
506
506
506
506
505
504
503
505
504
508
508
510
511
511
513
512
514
512
515
513
514
515
514
516
513
516
514
515
514
514
515
514
516
513
516
514
515
515
514
516
514
516
514
515
515
515
515
514
516
513
516
514
515
515
514
515
514
516
513
515
514
515
515
514
516
513
516
514
516
514
516
514
515
515
514
515
514
516
513
516
514
515
515
513
512
509
510
507
508
506
507
508
508
511
509
513
511
513
513
513
514
512
513
510
512
510
509
508
506
507
503
504
501
501
499
498
497
495
496
493
495
492
493
492
492
492
491
492
490
492
490
489
492
490
491
491
491
491
490
491
489
492
489
491
490
490
490
489
491
489
491
489
491
490
490
490
489
491
488
491
488
490
489
490
490
489
490
488
491
489
494
497
501
504
505
509
508
511
510
512
512
512
514
512
515
513
515
514
514
515
514
516
513
515
514
513
516
514
515
515
514
515
514
516
514
515
514
515
515
514
516
513
516
514
515
515
514
516
514
516
514
515
515
515
515
514
516
514
516
514
515
515
515
516
514
516
514
516
515
515
516
514
516
514
516
514
515
515
514
516
514
516
514
515
515
515
515
514
516
516
515
517
514
516
515
515
516
514
516
514
516
514
515
515
514
516
514
516
514
516
515
515
515
514
516
514
516
514
515
515
515
516
514
516
514
516
515
515
516
514
516
514
516
515
515
515
514
516
514
516
514
515
515
514
515
514
516
513
516
514
515
515
514
514
514
514
515
513
515
513
515
514
514
515
514
516
514
516
514
515
515
514
516
512
513
510
509
506
503
502
499
500
496
499
496
497
496
495
496
494
496
493
495
493
494
494
493
494
493
494
492
494
492
494
493
493
494
492
494
492
494
492
494
493
493
493
492
492
492
492
495
497
502
503
507
507
509
510
510
513
511
514
512
514
514
514
515
514
516
513
516
514
515
515
515
515
514
516
514
516
514
515
515
514
516
514
516
514
515
514
515
515
514
516
513
515
513
515
514
514
515
514
516
513
515
514
515
515
514
515
514
514
515
513
516
513
515
514
515
515
514
516
514
516
514
515
515
515
515
514
516
514
516
514
515
515
515
516
514
516
514
516
515
515
515
514
516
514
516
514
515
515
515
516
514
516
514
516
515
515
515
514
516
514
516
514
515
515
515
515
514
516
513
516
514
514
516
515
515
515
514
516
514
516
514
515
514
515
515
514
516
514
516
514
515
515
514
515
514
516
513
516
514
515
515
514
516
514
516
514
515
514
514
515
514
516
513
516
514
515
515
514
515
514
516
514
516
514
515
515
514
516
514
516
514
515
514
515
515
515
515
516
514
516
514
516
514
515
515
514
516
514
516
514
515
514
515
515
514
516
513
516
514
515
515
515
515
514
516
513
516
514
515
515
514
516
514
516
514
515
515
515
515
514
516
513
516
514
515
515
514
515
514
516
514
516
514
515
515
514
516
513
516
516
514
516
514
515
515
515
515
514
516
513
516
514
515
515
514
515
514
516
514
515
514
515
515
514
516
513
516
514
515
515
514
515
514
516
514
516
514
515
515
514
516
514
516
514
515
515
515
515
514
516
514
516
514
515
515
514
516
514
516
514
515
515
515
514
514
514
515
514
516
513
516
514
515
515
514
516
514
516
514
515
515
515
516
514
516
514
516
514
515
515
514
516
514
516
514
515
515
514
516
514
516
514
515
514
515
515
514
516
513
516
514
515
514
514
515
513
516
513
515
514
514
515
514
515
513
515
513
512
514
513
513
513
513
514
512
515
512
514
513
514
514
513
515
513
515
513
514
514
514
515
513
515
513
515
514
514
514
513
515
513
515
513
514
514
514
515
513
515
513
515
514
514
515
513
515
513
515
513
514
514
514
515
513
515
513
515
514
514
514
513
515
515
514
516
513
515
514
514
514
514
515
513
515
513
515
514
514
515
513
515
513
515
514
514
514
514
515
513
515
514
515
514
514
515
514
516
513
515
514
514
514
513
515
513
515
513
514
514
513
514
513
515
512
514
513
514
514
513
514
512
515
512
514
513
513
513
513
513
514
512
515
512
514
513
514
514
513
515
513
515
513
514
514
514
514
513
515
512
515
513
514
514
513
515
513
515
513
514
514
514
514
513
515
513
515
514
514
514
513
515
513
515
513
514
514
514
515
513
515
513
515
514
514
514
513
515
513
515
513
513
515
513
514
514
513
514
512
515
513
514
513
513
514
513
515
512
515
513
514
514
513
515
513
515
513
514
514
513
514
513
515
513
514
514
514
514
513
515
513
515
514
514
514
514
515
513
515
513
515
514
514
515
513
516
513
515
514
514
515
514
515
513
515
515
513
516
514
515
514
514
515
513
516
513
515
514
514
515
514
515
513
515
514
514
514
514
515
513
515
513
515
514
514
515
513
515
513
515
514
514
514
513
515
513
515
513
514
514
514
515
513
515
513
515
514
514
515
513
515
513
515
513
514
514
513
515
513
513
514
512
515
513
514
514
514
514
513
515
512
515
513
514
514
514
515
513
516
514
515
515
515
515
514
516
513
516
515
515
515
515
516
514
517
515
516
515
515
516
515
517
514
517
515
516
516
515
517
514
517
515
516
515
515
516
515
517
514
517
515
516
516
516
516
515
515
516
514
516
514
515
514
515
515
514
516
514
516
515
516
515
515
516
514
516
514
516
514
515
515
515
516
514
516
514
515
515
515
515
514
516
513
516
514
515
514
514
515
514
516
513
515
514
515
515
514
515
513
516
513
515
514
514
515
514
516
516
515
516
514
516
514
515
515
515
515
514
516
513
516
514
515
515
514
516
514
516
514
515
514
515
515
514
516
513
516
514
515
515
514
515
514
516
513
515
514
515
515
514
515
513
516
514
515
514
514
515
514
516
513
515
514
515
514
514
515
513
515
513
515
515
513
515
513
514
514
513
515
513
515
513
514
514
514
514
513
515
513
515
513
514
514
514
515
513
515
513
515
514
514
514
513
515
513
515
513
514
514
514
515
513
515
513
515
513
514
514
513
515
513
515
513
515
514
514
515
513
515
512
515
513
514
514
513
513
513
513
514
513
515
513
515
514
514
514
513
515
513
515
513
514
514
514
515
513
515
513
515
514
514
514
513
515
513
515
513
515
514
514
514
513
515
513
515
513
514
514
514
515
513
515
513
515
514
514
514
513
515
513
515
513
515
514
514
514
513
515
513
513
514
512
515
513
514
514
514
514
513
515
513
515
513
514
514
514
515
513
515
513
515
514
514
514
513
515
513
515
513
514
514
514
515
513
515
513
515
514
514
514
514
515
513
515
513
515
514
514
514
513
515
513
515
513
514
514
514
515
513
515
513
515
514
513
515
514
514
514
513
515
513
515
513
514
514
514
515
513
515
513
515
513
514
514
513
515
513
515
513
514
514
514
514
513
515
512
515
513
514
514
513
514
513
515
513
514
513
513
514
513
515
512
515
513
514
514
513
514
512
515
512
514
513
514
514
513
514
515
514
515
513
515
513
514
514
514
514
513
515
512
515
513
514
514
513
514
512
515
513
514
513
513
514
513
515
512
514
513
514
514
513
515
513
515
513
514
513
514
514
513
515
512
515
513
514
514
513
514
513
515
513
515
514
514
514
514
515
513
515
513
515
515
513
514
513
513
514
513
514
512
514
513
514
513
513
514
513
515
513
515
507
493
475
464
453
445
439
435
433
431
433
433
439
441
449
449
456
456
462
462
465
465
467
467
471
475
474
476
474
477
473
476
472
474
472
473
472
472
471
470
471
471
473
471
474
472
469
466
455
449
439
436
427
428
421
424
420
425
423
426
425
429
431
436
441
445
449
450
454
453
457
455
459
456
461
459
461
459
461
459
460
459
458
459
457
458
456
458
455
457
449
447
439
439
433
433
429
430
428
429
429
430
429
426
427
426
430
427
433
438
435
432
431
433
435
443
440
445
442
448
448
452
454
458
461
462
461
455
451
443
439
431
430
423
425
419
421
415
419
415
419
416
419
416
417
415
416
418
421
425
428
434
434
440
437
439
430
430
422
425
420
422
419
420
422
426
422
422
422
423
425
426
430
436
439
441
442
445
446
449
449
454
454
459
458
471
478
485
491
494
499
500
505
505
508
508
509
511
510
512
510
513
512
513
513
512
514
512
514
512
514
513
513
514
513
514
512
514
513
513
513
513
514
512
514
512
514
513
513
514
513
515
512
514
513
514
513
515
514
514
514
513
514
513
515
512
514
513
513
514
513
514
512
514
513
514
513
513
514
512
515
512
514
513
513
514
513
514
512
514
513
514
513
513
514
513
515
512
515
513
514
514
513
515
512
515
513
514
513
512
513
512
514
512
514
513
514
514
513
515
512
513
515
512
515
513
514
514
513
514
513
515
513
514
513
513
513
512
513
510
512
511
512
512
512
513
511
514
512
513
513
513
513
512
514
511
513
511
511
512
511
513
511
514
512
513
513
513
514
512
514
512
514
513
513
513
512
514
511
514
512
513
512
512
513
513
513
514
512
514
512
514
512
513
513
512
514
511
513
512
513
512
512
513
511
514
511
513
512
512
513
512
514
511
513
512
513
513
512
513
511
514
511
513
512
512
513
511
511
499
492
491
495
494
495
496
495
494
486
489
484
486
481
484
479
480
478
480
481
475
475
475
474
466
455
450
457
464
466
470
459
459
454
459
469
487
501
515
521
523
508
497
495
493
485
471
462
451
448
450
457
450
449
440
454
447
444
435
434
427
427
423
424
422
421
421
420
420
428
440
452
466
474
483
488
492
497
498
501
500
504
504
505
507
506
507
508
508
510
508
511
509
511
510
511
511
510
512
510
512
510
512
511
511
512
511
513
510
512
511
512
512
511
512
511
513
510
512
511
511
512
511
513
510
512
511
512
511
511
512
510
513
510
512
511
511
512
511
513
510
513
511
512
512
511
512
511
511
512
510
512
502
508
505
505
503
502
502
500
502
498
498
495
496
494
487
476
484
486
483
494
501
516
528
544
558
568
552
534
515
512
501
488
484
491
493
497
500
502
504
504
508
506
509
509
509
510
509
511
509
512
510
511
511
511
512
509
504
484
475
476
484
489
489
493
492
491
484
481
485
485
488
483
495
477
479
468
468
465
463
464
473
475
468
458
472
470
463
468
474
483
485
492
494
497
500
501
504
503
507
505
508
507
508
509
508
511
508
511
509
510
510
510
511
509
512
509
512
510
511
511
510
512
510
512
511
512
510
512
510
512
511
511
512
510
512
510
512
510
511
511
511
512
510
512
510
512
511
511
511
510
512
510
512
510
512
511
511
512
510
512
510
512
510
512
511
511
512
510
512
510
512
511
511
511
511
512
510
512
510
512
507
503
502
501
502
500
503
499
504
537
563
572
551
543
531
523
523
552
572
582
567
557
547
540
535
529
527
522
522
518
518
516
515
515
513
515
512
514
512
513
513
512
513
511
514
511
513
512
512
512
511
513
511
513
511
513
512
512
513
511
514
511
513
512
512
512
512
513
511
514
512
513
513
531
521
505
500
504
524
531
536
533
529
518
507
498
496
482
476
480
485
492
493
499
500
503
504
505
507
506
509
508
510
509
510
511
510
512
510
512
511
512
511
511
512
510
513
510
512
511
512
512
511
513
510
513
511
512
512
511
512
511
513
510
512
511
511
513
512
512
512
511
513
511
513
511
512
511
512
512
511
513
510
512
511
512
511
511
512
511
513
510
513
511
512
512
511
513
510
513
511
512
511
512
512
511
513
502
504
500
501
499
498
495
494
493
492
493
490
488
483
487
485
487
485
484
481
475
471
470
470
469
470
470
471
471
469
470
466
466
461
461
456
459
455
458
454
457
457
458
460
463
464
464
470
470
471
464
465
459
460
453
453
449
453
455
457
455
452
445
447
457
449
444
437
437
431
436
428
429
421
422
416
418
413
415
412
416
426
433
433
436
440
441
437
429
428
423
423
421
424
426
429
435
440
448
450
452
449
454
452
461
464
469
468
468
465
464
463
462
461
458
458
454
456
453
454
449
452
447
450
447
449
446
447
445
446
445
444
443
442
443
441
442
439
442
438
442
437
440
436
439
436
438
435
437
435
436
436
431
435
431
434
431
433
431
432
432
432
432
431
432
431
432
430
432
429
433
429
433
428
431
427
431
428
430
429
430
429
429
429
429
429
429
432
431
436
437
446
447
455
456
464
468
475
487
491
495
496
499
498
502
500
504
505
507
509
508
510
508
511
509
509
512
509
512
510
511
510
510
510
510
511
509
512
509
512
509
510
508
508
508
506
507
505
508
505
507
505
507
506
506
506
505
506
504
507
504
507
504
507
506
506
507
506
507
506
508
505
508
505
507
505
503
501
500
503
502
505
503
505
503
506
503
506
506
506
509
505
508
504
504
501
501
499
499
500
500
503
503
506
504
508
507
509
509
509
510
509
510
508
511
508
510
509
510
510
509
509
507
509
505
507
504
506
505
505
506
504
506
504
506
503
506
504
505
504
504
505
503
505
503
505
502
505
503
504
504
503
504
504
504
504
502
503
501
503
500
502
500
502
501
501
501
500
501
499
502
499
502
499
501
500
501
501
500
501
500
502
499
502
499
501
500
500
500
499
500
498
501
497
500
496
499
497
498
498
497
497
494
495
492
494
491
493
491
491
491
490
492
490
492
489
492
492
490
493
490
492
491
494
497
499
503
502
506
506
508
508
508
510
508
511
509
511
511
510
512
510
512
510
511
511
510
512
510
512
511
512
512
512
513
511
513
511
512
512
512
514
513
516
514
516
515
515
516
514
517
514
516
514
514
514
513
515
512
514
512
511
513
512
513
514
513
514
511
514
512
512
513
512
514
512
514
512
513
512
511
513
511
513
511
513
513
512
514
512
514
512
513
512
512
512
511
513
511
513
512
512
512
511
513
510
513
511
512
513
512
513
511
514
511
512
511
511
512
510
513
511
513
512
512
511
511
511
512
510
513
510
512
511
512
513
512
514
511
513
511
512
512
511
513
511
513
511
513
512
512
513
511
513
511
513
512
512
512
511
513
511
513
512
512
512
511
513
510
512
511
512
511
511
512
510
512
510
512
511
511
512
510
513
510
512
511
511
511
512
512
512
511
513
510
513
511
512
512
512
513
511
514
512
513
513
513
514
512
514
512
514
513
513
513
512
513
511
514
512
514
513
513
513
512
514
511
513
512
513
513
512
514
512
514
512
513
513
513
513
512
514
511
514
512
513
513
512
514
511
514
512
513
513
511
513
512
512
513
511
513
511
513
512
512
512
512
513
511
513
511
513
512
512
513
511
513
511
513
512
512
512
512
513
511
513
511
513
511
512
512
511
513
510
512
510
511
511
511
512
510
513
511
512
511
512
512
511
513
510
513
511
512
512
511
513
511
511
512
510
513
510
512
511
511
512
511
512
510
512
510
512
511
511
512
510
512
510
512
510
511
511
510
512
510
512
510
512
511
511
512
511
512
510
512
510
512
511
511
512
510
513
510
512
509
509
508
509
510
510
512
510
513
512
513
513
513
514
512
515
513
513
515
513
515
514
515
515
514
515
513
515
513
514
513
513
514
512
512
508
510
507
506
504
504
504
502
504
501
504
502
504
503
503
504
503
504
502
505
502
504
505
507
508
508
510
509
511
509
511
510
510
511
510
511
509
511
509
510
509
509
510
508
510
508
507
509
507
509
508
509
508
508
509
508
511
509
512
511
512
512
511
512
510
512
510
513
512
513
514
513
514
512
514
512
513
512
513
513
512
513
511
514
512
513
513
513
513
512
514
512
514
512
514
513
513
514
513
515
512
515
513
514
513
513
514
512
515
512
512
514
511
514
512
513
513
513
514
512
514
512
514
512
513
513
513
513
512
514
511
513
512
513
513
512
513
511
514
511
513
512
513
512
512
513
511
514
511
513
512
512
512
512
513
511
514
511
513
512
512
513
512
513
511
513
511
513
512
512
513
512
514
511
511
513
510
513
511
513
512
512
513
512
513
511
513
512
513
512
512
513
512
514
511
513
512
512
512
512
513
511
514
511
513
512
512
512
512
513
511
514
511
513
512
512
513
512
513
511
513
511
513
512
512
513
511
513
511
513
511
512
512
512
513
511
514
511
511
513
510
513
511
512
512
511
512
511
513
510
513
511
512
512
511
513
511
513
511
512
511
512
512
511
513
511
513
511
513
512
512
513
512
514
511
514
512
513
512
512
513
512
514
512
514
512
514
513
513
514
513
515
512
514
513
514
513
513
514
512
515
512
512
514
511
511
505
504
500
499
497
495
494
492
493
490
493
491
494
493
494
494
494
494
493
495
493
496
494
498
501
503
505
506
508
507
510
508
511
510
512
512
513
513
512
513
511
513
510
512
511
512
512
511
512
510
512
510
513
511
513
515
516
518
518