76 
185 
255 
300 
330 
349 
362 
370 
375 
379 
381 
382 
383 
384 
384 
384 
385 
385 
385 
385 
385 
386 
386 
385 
384 
384 
386 
387 
387 
387 
386 
386 
385 
385 
385 
385 
385 
385 
385 
385 
385 
385 
385 
385 
385 
385 
385 
385 
385 
385 
384 
384 
384 
385 
384 
384 
384 
384 
384 
384 
384 
384 
385 
385 
385 
385 
385 
385 
385 
385 
384 
384 
384 
384 
384 
384 
384 
384 
384 
384 
384 
384 
384 
384 
384 
384 
384 
384 
384 
384 
384 
384 
384 
383 
384 
384 
384 
384 
383 
384 
384 
384 
384 
384 
384 
384 
384 
384 
384 
384 
384 
384 
384 
384 
384 
384 
384 
384 
384 
384 
384 
384 
384 
384 
384 
384 
384 
384 
384 
384 
384 
385 
384 
384 
384 
384 
384 
384 
385 
385 
385 
385 
385 
385 
385 
385 
385 
383 
384 
384 
383 
384 
384 
384 
384 
384 
384 
384 
384 
385 
385 
385 
385 
385 
384 
383 
382 
386 
386 
385 
384 
384 
381 
381 
381 
380 
379 
378 
380 
381 
382 
382 
382 
381 
381 
380 
380 
379 
379 
379 
379 
380 
381 
382 
382 
382 
382 
382 
382 
383 
383 
382 
382 
382 
381 
381 
380 
380 
379 
379 
379 
378 
378 
378 
378 
378 
378 
378 
378 
377 
377 
377 
377 
377 
377 
377 
377 
377 
377 
377 
377 
377 
377 
377 
377 
377 
376 
376 
376 
377 
377 
377 
377 
377 
377 
377 
377 
376 
376 
376 
376 
376 
375 
371 
363 
373 
356 
287 
259 
339 
385 
392 
389 
386 
376 
401 
390 
384 
380 
372 
375 
383 
388 
380 
377 
377 
372 
343 
390 
392 
392 
390 
390 
390 
388 
389 
389 
389 
389 
390 
391 
391 
391 
391 
391 
391 
391 
391 
390 
389 
390 
392 
393 
395 
396 
395 
395 
391 
392 
391 
394 
398 
400 
400 
401 
400 
397 
398 
400 
401 
402 
404 
405 
404 
405 
406 
407 
407 
408 
408 
408 
407 
405 
405 
406 
405 
400 
397 
397 
398 
398 
398 
398 
398 
398 
398 
399 
399 
400 
400 
400 
400 
399 
399 
399 
399 
399 
399 
399 
399 
399 
398 
398 
396 
393 
392 
392 
392 
393 
394 
395 
395 
395 
396 
395 
395 
395 
394 
393 
394 
394 
393 
394 
395 
395 
396 
396 
396 
396 
396 
396 
394 
393 
391 
391 
390 
391 
390 
390 
390 
390 
389 
389 
388 
389 
389 
389 
388 
389 
389 
409 
426 
437 
464 
463 
458 
455 
453 
453 
452 
451 
446 
440 
437 
434 
432 
430 
428 
428 
428 
427 
427 
428 
428 
428 
427 
426 
426 
425 
425 
425 
424 
424 
424 
424 
424 
424 
424 
424 
424 
424 
424 
423 
423 
423 
423 
423 
423 
422 
422 
422 
421 
421 
421 
420 
421 
420 
420 
420 
419 
419 
419 
419 
419 
419 
418 
418 
418 
415 
360 
256 
268 
365 
430 
460 
452 
432 
426 
428 
424 
421 
419 
397 
376 
410 
418 
420 
410 
409 
426 
438 
434 
396 
384 
401 
421 
423 
424 
422 
375 
277 
232 
276 
318 
360 
394 
410 
378 
362 
369 
383 
390 
410 
422 
427 
430 
419 
419 
433 
464 
458 
449 
441 
439 
438 
438 
437 
436 
435 
434 
434 
431 
430 
425 
412 
394 
423 
442 
443 
437 
434 
433 
430 
428 
426 
425 
425 
425 
427 
425 
425 
425 
425 
424 
424 
424 
424 
423 
423 
423 
422 
421 
421 
421 
421 
420 
420 
419 
419 
418 
417 
417 
416 
416 
416 
415 
414 
413 
412 
412 
411 
410 
410 
410 
409 
409 
408 
408 
407 
407 
406 
405 
405 
405 
404 
404 
403 
403 
402 
402 
401 
401 
400 
400 
400 
399 
399 
399 
399 
398 
398 
398 
398 
398 
397 
397 
397 
397 
397 
396 
396 
396 
396 
396 
396 
395 
395 
395 
395 
395 
394 
394 
394 
394 
394 
394 
393 
392 
392 
392 
391 
391 
391 
391 
391 
391 
391 
391 
390 
390 
390 
391 
392 
392 
393 
393 
393 
392 
392 
391 
391 
391 
391 
391 
391 
391 
391 
391 
391 
391 
391 
391 
390 
390 
390 
390 
390 
390 
390 
390 
390 
390 
390 
390 
390 
390 
390 
390 
390 
390 
390 
390 
390 
390 
390 
390 
390 
390 
390 
390 
390 
391 
391 
391 
391 
392 
392 
392 
392 
392 
391 
392 
393 
394 
394 
395 
395 
395 
396 
396 
397 
397 
397 
398 
398 
399 
399 
399 
399 
400 
400 
400 
401 
402 
402 
401 
401 
401 
401 
401 
400 
400 
399 
399 
399 
398 
398 
398 
397 
397 
397 
399 
396 
394 
392 
391 
391 
391 
391 
391 
393 
393 
393 
394 
394 
392 
392 
393 
395 
395 
396 
397 
398 
398 
398 
398 
398 
398 
399 
399 
399 
399 
400 
400 
400 
400 
400 
401 
401 
400 
400 
400 
400 
400 
400 
401 
400 
399 
398 
399 
399 
399 
399 
399 
399 
400 
401 
400 
400 
401 
402 
403 
403 
403 
403 
403 
403 
403 
404 
403 
404 
404 
404 
404 
404 
404 
404 
404 
405 
405 
406 
406 
406 
406 
406 
406 
406 
406 
405 
405 
405 
404 
404 
404 
404 
403 
403 
403 
403 
402 
401 
401 
400 
400 
400 
399 
399 
399 
398 
398 
397 
397 
397 
396 
396 
396 
395 
395 
395 
394 
393 
393 
392 
392 
391 
391 
390 
390 
390 
390 
389 
389 
389 
389 
389 
388 
388 
388 
388 
388 
388 
387 
387 
387 
386 
386 
386 
386 
386 
386 
385 
385 
385 
385 
385 
385 
384 
384 
383 
383 
383 
382 
382 
382 
382 
382 
382 
381 
381 
381 
380 
380 
380 
380 
380 
380 
379 
379 
379 
380 
380 
380 
380 
380 
381 
381 
381 
382 
382 
382 
383 
383 
383 
383 
383 
383 
383 
382 
382 
382 
382 
382 
382 
382 
382 
381 
381 
380 
380 
381 
381 
381 
381 
380 
380 
380 
380 
380 
380 
380 
379 
379 
379 
381 
382 
381 
381 
380 
380 
380 
380 
380 
380 
380 
379 
379 
379 
379 
379 
379 
379 
379 
379 
379 
379 
379 
378 
381 
382 
381 
380 
380 
380 
380 
380 
380 
380 
380 
380 
380 
380 
380 
380 
380 
381 
380 
380 
380 
380 
380 
380 
380 
380 
380 
380 
380 
380 
380 
379 
379 
379 
379 
379 
379 
379 
379 
379 
379 
379 
379 
379 
379 
380 
380 
380 
380 
380 
380 
380 
380 
380 
381 
380 
380 
380 
380 
380 
380 
380 
380 
379 
380 
381 
381 
382 
381 
380 
379 
378 
377 
378 
379 
383 
393 
396 
393 
393 
390 
387 
385 
385 
386 
387 
388 
387 
387 
389 
389 
390 
388 
378 
387 
393 
395 
393 
391 
386 
374 
392 
393 
392 
390 
389 
389 
388 
387 
387 
388 
391 
390 
390 
388 
387 
388 
389 
394 
394 
390 
386 
385 
385 
385 
386 
387 
388 
389 
389 
390 
396 
401 
402 
401 
400 
398 
396 
396 
395 
394 
393 
393 
392 
391 
391 
390 
390 
389 
389 
389 
389 
389 
389 
389 
388 
388 
388 
388 
388 
387 
387 
387 
387 
387 
387 
386 
386 
386 
385 
385 
385 
385 
385 
385 
384 
384 
384 
385 
385 
385 
385 
385 
385 
384 
383 
384 
384 
385 
384 
384 
387 
389 
390 
391 
390 
391 
389 
384 
372 
373 
362 
344 
354 
361 
364 
368 
382 
380 
363 
366 
373 
355 
350 
369 
386 
391 
399 
405 
402 
313 
343 
358 
378 
367 
353 
370 
376 
357 
277 
288 
333 
364 
384 
399 
392 
412 
416 
423 
427 
431 
433 
434 
438 
437 
434 
431 
429 
429 
430 
429 
427 
426 
424 
423 
422 
421 
420 
419 
419 
418 
417 
417 
416 
416 
415 
415 
415 
414 
414 
414 
413 
413 
413 
412 
412 
415 
415 
416 
418 
418 
417 
417 
415 
415 
413 
404 
399 
401 
406 
406 
405 
405 
405 
405 
403 
401 
398 
397 
397 
397 
397 
396 
395 
395 
396 
396 
396 
396 
396 
397 
396 
397 
399 
401 
402 
401 
401 
401 
400 
400 
400 
401 
402 
402 
403 
403 
403 
402 
401 
401 
400 
400 
400 
399 
399 
399 
399 
399 
399 
398 
398 
398 
398 
398 
398 
397 
397 
397 
397 
397 
397 
396 
396 
396 
396 
396 
396 
396 
396 
396 
396 
396 
396 
396 
396 
396 
396 
396 
396 
396 
396 
396 
396 
396 
396 
396 
396 
396 
396 
396 
396 
396 
396 
397 
397 
397 
397 
397 
397 
397 
397 
397 
397 
397 
397 
397 
397 
397 
397 
397 
397 
398 
398 
398 
398 
396 
396 
397 
399 
397 
396 
395 
395 
394 
394 
394 
395 
395 
395 
393 
394 
395 
396 
392 
394 
398 
402 
400 
399 
399 
398 
394 
389 
384 
380 
388 
393 
394 
398 
401 
394 
385 
355 
272 
243 
305 
356 
390 
400 
382 
486 
499 
475 
448 
427 
413 
404 
399 
395 
395 
394 
391 
392 
393 
383 
380 
387 
389 
391 
391 
389 
389 
381 
366 
353 
351 
361 
326 
298 
316 
379 
484 
552 
595 
623 
641 
653 
660 
558 
530 
462 
529 
581 
614 
635 
649 
658 
661 
666 
669 
658 
664 
667 
670 
671 
672 
673 
673 
673 
611 
633 
648 
657 
660 
665 
668 
670 
672 
673 
673 
673 
674 
674 
674 
674 
674 
674 
674 
674 
674 
674 
674 
674 
648 
646 
656 
662 
666 
669 
622 
568 
606 
630 
646 
656 
662 
666 
669 
671 
672 
672 
99